P3
256 256
255
0 255 63
1 255 63
2 255 63
3 255 63
4 255 63
5 255 63
6 255 63
7 255 63
8 255 63
9 255 63
10 255 63
11 255 63
12 255 63
13 255 63
14 255 63
15 255 63
16 255 63
17 255 63
18 255 63
19 255 63
20 255 63
21 255 63
22 255 63
23 255 63
24 255 63
25 255 63
26 255 63
27 255 63
28 255 63
29 255 63
30 255 63
31 255 63
32 255 63
33 255 63
34 255 63
35 255 63
36 255 63
37 255 63
38 255 63
39 255 63
40 255 63
41 255 63
42 255 63
43 255 63
44 255 63
45 255 63
46 255 63
47 255 63
48 255 63
49 255 63
50 255 63
51 255 63
52 255 63
53 255 63
54 255 63
55 255 63
56 255 63
57 255 63
58 255 63
59 255 63
60 255 63
61 255 63
62 255 63
63 255 63
64 255 63
65 255 63
66 255 63
67 255 63
68 255 63
69 255 63
70 255 63
71 255 63
72 255 63
73 255 63
74 255 63
75 255 63
76 255 63
77 255 63
78 255 63
79 255 63
80 255 63
81 255 63
82 255 63
83 255 63
84 255 63
85 255 63
86 255 63
87 255 63
88 255 63
89 255 63
90 255 63
91 255 63
92 255 63
93 255 63
94 255 63
95 255 63
96 255 63
97 255 63
98 255 63
99 255 63
100 255 63
101 255 63
102 255 63
103 255 63
104 255 63
105 255 63
106 255 63
107 255 63
108 255 63
109 255 63
110 255 63
111 255 63
112 255 63
113 255 63
114 255 63
115 255 63
116 255 63
117 255 63
118 255 63
119 255 63
120 255 63
121 255 63
122 255 63
123 255 63
124 255 63
125 255 63
126 255 63
127 255 63
128 255 63
129 255 63
130 255 63
131 255 63
132 255 63
133 255 63
134 255 63
135 255 63
136 255 63
137 255 63
138 255 63
139 255 63
140 255 63
141 255 63
142 255 63
143 255 63
144 255 63
145 255 63
146 255 63
147 255 63
148 255 63
149 255 63
150 255 63
151 255 63
152 255 63
153 255 63
154 255 63
155 255 63
156 255 63
157 255 63
158 255 63
159 255 63
160 255 63
161 255 63
162 255 63
163 255 63
164 255 63
165 255 63
166 255 63
167 255 63
168 255 63
169 255 63
170 255 63
171 255 63
172 255 63
173 255 63
174 255 63
175 255 63
176 255 63
177 255 63
178 255 63
179 255 63
180 255 63
181 255 63
182 255 63
183 255 63
184 255 63
185 255 63
186 255 63
187 255 63
188 255 63
189 255 63
190 255 63
191 255 63
192 255 63
193 255 63
194 255 63
195 255 63
196 255 63
197 255 63
198 255 63
199 255 63
200 255 63
201 255 63
202 255 63
203 255 63
204 255 63
205 255 63
206 255 63
207 255 63
208 255 63
209 255 63
210 255 63
211 255 63
212 255 63
213 255 63
214 255 63
215 255 63
216 255 63
217 255 63
218 255 63
219 255 63
220 255 63
221 255 63
222 255 63
223 255 63
224 255 63
225 255 63
226 255 63
227 255 63
228 255 63
229 255 63
230 255 63
231 255 63
232 255 63
233 255 63
234 255 63
235 255 63
236 255 63
237 255 63
238 255 63
239 255 63
240 255 63
241 255 63
242 255 63
243 255 63
244 255 63
245 255 63
246 255 63
247 255 63
248 255 63
249 255 63
250 255 63
251 255 63
252 255 63
253 255 63
254 255 63
255 255 63
