0 40 -220
0 20 -100
0 1 0
40
3
0 0 0 1 1 1 1 0 0
60.0 160.0 -200.0 1 1 1 1 0 0
-80.0 160.0 -200.0 1 1 1 1 0 0
4
textmap rainbow1.ppm
0 .001 0 .12
0 0 0 0
checker .08 .25 .20 .93 .83 .82 40
solid 1 1 1
checker .08 .05 .20 .93 .83 .82 4
5
0.80 0.00 0.00 1 0.0 0 0
0.30 0.40 0.00 1 0.3 0 0
0.11 0.11 0.30 1000 0.7 0 0
0.11 0.11 0.30 1000 0 0 0
0.11 0.11 0.30 1000 0 0.5 1.5
13
0 0 sphere 0 0 0 600
2 2 sphere 0 32.7 0 20
2 2 sphere -5.98 0 -22.31 20
2 2 sphere -16.32 0 16.32 20
2 2 sphere 22.31 0 5.98 20
2 2 sphere 5.98 -32.66 22.31 20
2 2 sphere 16.32 -32.66 -16.32 20
2 2 sphere -22.31 -32.66 -5.98 20
2 2 sphere -11.95 -32.66 -44.61 20
2 2 sphere -32.66 -32.66 -32.66 20
2 2 sphere 44.61 -32.66 11.95 20
1 1 polyhedron 5
0 1 0 60
1 0 0 -300
-1 0 0 -300
0 0 -1 -300
0 0 1 -300
3 4 polyhedron 6
0 1 0 -53
0 -1 0 50
1 0 0 -90
-1 0 0 -90
0 0 -1 -90
0 0 1 -90